  File: /etc/crontab
  Size: 1042      	Blocks: 8          IO Block: 4096   regular file
Device: 801h/2049d	Inode: 1006        Links: 1
Access: (0600/-rw-------)  Uid: (    0/    root)   Gid: (    0/    root)
Access: 2022-09-16 22:05:29.676000104 +0100
Modify: 2020-02-13 21:44:42.000000000 +0100
Change: 2022-09-16 23:58:30.915685052 +0100
 Birth: -
