  File: /etc/passwd
  Size: 2081      	Blocks: 8          IO Block: 4096   regular file
Device: 801h/2049d	Inode: 71876       Links: 1
Access: (0644/-rw-r--r--)  Uid: (    0/    root)   Gid: (    0/    root)
Access: 2022-09-16 18:10:10.119000000 +0100
Modify: 2022-09-03 03:46:19.117965751 +0100
Change: 2022-09-03 03:46:19.117965751 +0100
 Birth: -
